{
 "cells": [
  {
   "cell_type": "markdown",
   "metadata": {},
   "source": [
    "1\\. **PCA on 3D dataset**\n",
    "\n",
    "* Generate a dataset with 3 features each with N entries (N being ${\\cal O}(1000)$). With $N(\\mu,\\sigma)$ the normali distribution with mean $\\mu$ and $\\sigma$  standard deviation, generate the 3 variables $x_{1,2,3}$ such that:\n",
    "    * $x_1$ is distributed as $N(0,1)$\n",
    "    * $x_2$ is distributed as $x_1+N(0,3)$\n",
    "    * $x_3$ is given by $2x_1+x_2$\n",
    "* Find the eigenvectors and eigenvalues of the covariance matrix of the dataset\n",
    "* Find the eigenvectors and eigenvalues using SVD. Check that the two procedures yield to same result\n",
    "* What percent of the total dataset's variability is explained by the principal components? Given how the dataset was constructed, do these make sense? Reduce the dimensionality of the system so that at least 99% of the total variability is retained.\n",
    "* Redefine the data in the basis yielded by the PCA procedure\n",
    "* Plot the data points in the original and the new coordiantes as a set of scatter plots. Your final figure should have 2 rows of 3 plots each, where the columns show the (0,1), (0,2) and (1,2) proejctions.\n"
   ]
  },
  {
   "cell_type": "code",
   "execution_count": 124,
   "metadata": {},
   "outputs": [],
   "source": [
    "import numpy as np\n",
    "from scipy import linalg as la\n",
    "from matplotlib import pyplot as plt\n",
    "from scipy.stats import norm, multivariate_normal\n",
    "import pandas as pd\n",
    "\n",
    "#Seeding the random generator\n",
    "np.random.seed(2009440)"
   ]
  },
  {
   "cell_type": "code",
   "execution_count": 125,
   "metadata": {},
   "outputs": [
    {
     "name": "stdout",
     "output_type": "stream",
     "text": [
      "eigenvalues [ 2.83470231e+01 -7.37553010e-16  2.01423137e+00] and eigenvectors [[-0.11971957 -0.81649658  0.56480134]\n",
      " [-0.57201798 -0.40824829 -0.71142727]\n",
      " [-0.81145712  0.40824829  0.41817542]]\n"
     ]
    }
   ],
   "source": [
    "#Using the linalg.eig method\n",
    "N = 3000\n",
    "\n",
    "x1 = np.random.normal(0, 1, N)\n",
    "x2 = x1 + np.random.normal(0, 3, N)\n",
    "x3 = 2*x1 + x2\n",
    "\n",
    "dataset = pd.DataFrame(np.array([x1, x2, x3]), index = ['x1', 'x2', 'x3'])\n",
    "\n",
    "covariance = np.cov(dataset.values)\n",
    "\n",
    "vals, vecs = la.eig(covariance)\n",
    "print(\"eigenvalues {} and eigenvectors {}\".format(np.real_if_close(vals), vecs))"
   ]
  },
  {
   "cell_type": "code",
   "execution_count": 126,
   "metadata": {},
   "outputs": [
    {
     "data": {
      "text/plain": [
       "(array([[-0.11971991,  0.56480127, -0.81649658],\n",
       "        [-0.57201756, -0.71142761, -0.40824829],\n",
       "        [-0.81145737,  0.41817493,  0.40824829]]),\n",
       " array([2.83470242e+01, 2.01444402e+00, 1.52255190e-31]))"
      ]
     },
     "execution_count": 126,
     "metadata": {},
     "output_type": "execute_result"
    }
   ],
   "source": [
    "#Using SVD\n",
    "\n",
    "U, spectrum, Vt = la.svd(dataset.values)\n",
    "U, spectrum**2/(N-1)\n",
    "\n",
    "# I don't quite understand why the eigenvectors have their two last coordinates flipped.\n",
    "#I suppose that the last eigenvalue is just the trivial eigenvalue. It corresponds to the eigenvalue (2.67907212e-16) in the last exercise, and it's probably just different from 0 because of how the la.eig and la.svd methods are built."
   ]
  },
  {
   "cell_type": "markdown",
   "metadata": {},
   "source": [
    "2\\. **PCA on a nD dataset**\n",
    "\n",
    "Start from the dataset you have genereted in the previous exercise and add uncorrelated random noise. Such noise should be represented by other 10 uncorrelated variables normal distributed, with standar deviation much smaller (say, a factor 50) than those used to generate the $x_1$ and $x_2$.\n",
    "\n",
    "Repeat the PCA procedure and compare the results with what you obtained before"
   ]
  },
  {
   "cell_type": "code",
   "execution_count": 127,
   "metadata": {},
   "outputs": [
    {
     "data": {
      "text/html": [
       "<div>\n",
       "<style scoped>\n",
       "    .dataframe tbody tr th:only-of-type {\n",
       "        vertical-align: middle;\n",
       "    }\n",
       "\n",
       "    .dataframe tbody tr th {\n",
       "        vertical-align: top;\n",
       "    }\n",
       "\n",
       "    .dataframe thead th {\n",
       "        text-align: right;\n",
       "    }\n",
       "</style>\n",
       "<table border=\"1\" class=\"dataframe\">\n",
       "  <thead>\n",
       "    <tr style=\"text-align: right;\">\n",
       "      <th></th>\n",
       "      <th>x1</th>\n",
       "      <th>x2</th>\n",
       "      <th>x3</th>\n",
       "      <th>noise1</th>\n",
       "      <th>noise2</th>\n",
       "      <th>noise3</th>\n",
       "      <th>noise4</th>\n",
       "      <th>noise5</th>\n",
       "      <th>noise6</th>\n",
       "      <th>noise7</th>\n",
       "      <th>noise8</th>\n",
       "      <th>noise9</th>\n",
       "      <th>noise10</th>\n",
       "    </tr>\n",
       "  </thead>\n",
       "  <tbody>\n",
       "    <tr>\n",
       "      <th>0</th>\n",
       "      <td>0.050952</td>\n",
       "      <td>-0.495919</td>\n",
       "      <td>-0.394015</td>\n",
       "      <td>0.003268</td>\n",
       "      <td>0.012137</td>\n",
       "      <td>0.042711</td>\n",
       "      <td>0.015946</td>\n",
       "      <td>0.012253</td>\n",
       "      <td>-0.000374</td>\n",
       "      <td>0.001712</td>\n",
       "      <td>-0.014732</td>\n",
       "      <td>-0.007206</td>\n",
       "      <td>-0.021446</td>\n",
       "    </tr>\n",
       "    <tr>\n",
       "      <th>1</th>\n",
       "      <td>0.397304</td>\n",
       "      <td>-3.421277</td>\n",
       "      <td>-2.626668</td>\n",
       "      <td>0.010552</td>\n",
       "      <td>-0.031792</td>\n",
       "      <td>-0.005549</td>\n",
       "      <td>0.024889</td>\n",
       "      <td>0.022918</td>\n",
       "      <td>0.012311</td>\n",
       "      <td>0.014014</td>\n",
       "      <td>-0.005003</td>\n",
       "      <td>0.010906</td>\n",
       "      <td>-0.009512</td>\n",
       "    </tr>\n",
       "    <tr>\n",
       "      <th>2</th>\n",
       "      <td>-1.741875</td>\n",
       "      <td>-0.449798</td>\n",
       "      <td>-3.933547</td>\n",
       "      <td>0.009694</td>\n",
       "      <td>-0.016230</td>\n",
       "      <td>0.020789</td>\n",
       "      <td>-0.029677</td>\n",
       "      <td>-0.015939</td>\n",
       "      <td>0.014588</td>\n",
       "      <td>-0.028885</td>\n",
       "      <td>0.007077</td>\n",
       "      <td>0.010783</td>\n",
       "      <td>-0.026327</td>\n",
       "    </tr>\n",
       "    <tr>\n",
       "      <th>3</th>\n",
       "      <td>-1.054188</td>\n",
       "      <td>-2.926740</td>\n",
       "      <td>-5.035117</td>\n",
       "      <td>-0.007424</td>\n",
       "      <td>-0.023782</td>\n",
       "      <td>-0.017329</td>\n",
       "      <td>-0.005848</td>\n",
       "      <td>0.014804</td>\n",
       "      <td>0.006550</td>\n",
       "      <td>-0.002450</td>\n",
       "      <td>-0.016918</td>\n",
       "      <td>-0.002513</td>\n",
       "      <td>-0.001043</td>\n",
       "    </tr>\n",
       "    <tr>\n",
       "      <th>4</th>\n",
       "      <td>-0.494679</td>\n",
       "      <td>1.410679</td>\n",
       "      <td>0.421322</td>\n",
       "      <td>0.008276</td>\n",
       "      <td>0.001692</td>\n",
       "      <td>-0.009837</td>\n",
       "      <td>0.004536</td>\n",
       "      <td>-0.035035</td>\n",
       "      <td>-0.024687</td>\n",
       "      <td>0.003455</td>\n",
       "      <td>-0.005071</td>\n",
       "      <td>-0.026977</td>\n",
       "      <td>-0.002844</td>\n",
       "    </tr>\n",
       "    <tr>\n",
       "      <th>...</th>\n",
       "      <td>...</td>\n",
       "      <td>...</td>\n",
       "      <td>...</td>\n",
       "      <td>...</td>\n",
       "      <td>...</td>\n",
       "      <td>...</td>\n",
       "      <td>...</td>\n",
       "      <td>...</td>\n",
       "      <td>...</td>\n",
       "      <td>...</td>\n",
       "      <td>...</td>\n",
       "      <td>...</td>\n",
       "      <td>...</td>\n",
       "    </tr>\n",
       "    <tr>\n",
       "      <th>2995</th>\n",
       "      <td>0.286966</td>\n",
       "      <td>0.894269</td>\n",
       "      <td>1.468201</td>\n",
       "      <td>-0.020276</td>\n",
       "      <td>-0.016796</td>\n",
       "      <td>-0.000539</td>\n",
       "      <td>0.005699</td>\n",
       "      <td>-0.030391</td>\n",
       "      <td>-0.019631</td>\n",
       "      <td>0.007496</td>\n",
       "      <td>0.013288</td>\n",
       "      <td>0.017239</td>\n",
       "      <td>0.004366</td>\n",
       "    </tr>\n",
       "    <tr>\n",
       "      <th>2996</th>\n",
       "      <td>0.580927</td>\n",
       "      <td>0.559708</td>\n",
       "      <td>1.721561</td>\n",
       "      <td>0.008686</td>\n",
       "      <td>-0.003003</td>\n",
       "      <td>-0.031433</td>\n",
       "      <td>-0.000624</td>\n",
       "      <td>-0.006238</td>\n",
       "      <td>0.006143</td>\n",
       "      <td>-0.027823</td>\n",
       "      <td>-0.005379</td>\n",
       "      <td>-0.000972</td>\n",
       "      <td>-0.015521</td>\n",
       "    </tr>\n",
       "    <tr>\n",
       "      <th>2997</th>\n",
       "      <td>-0.068770</td>\n",
       "      <td>-4.169455</td>\n",
       "      <td>-4.306994</td>\n",
       "      <td>0.034579</td>\n",
       "      <td>-0.007913</td>\n",
       "      <td>0.031498</td>\n",
       "      <td>0.018390</td>\n",
       "      <td>-0.009259</td>\n",
       "      <td>0.016227</td>\n",
       "      <td>0.021041</td>\n",
       "      <td>0.008630</td>\n",
       "      <td>0.013091</td>\n",
       "      <td>0.000936</td>\n",
       "    </tr>\n",
       "    <tr>\n",
       "      <th>2998</th>\n",
       "      <td>0.163586</td>\n",
       "      <td>-2.037988</td>\n",
       "      <td>-1.710816</td>\n",
       "      <td>-0.006504</td>\n",
       "      <td>0.008919</td>\n",
       "      <td>-0.014474</td>\n",
       "      <td>0.022823</td>\n",
       "      <td>-0.020645</td>\n",
       "      <td>0.001046</td>\n",
       "      <td>-0.004875</td>\n",
       "      <td>0.035243</td>\n",
       "      <td>0.003710</td>\n",
       "      <td>0.018563</td>\n",
       "    </tr>\n",
       "    <tr>\n",
       "      <th>2999</th>\n",
       "      <td>0.702440</td>\n",
       "      <td>-1.479588</td>\n",
       "      <td>-0.074708</td>\n",
       "      <td>-0.011035</td>\n",
       "      <td>-0.001119</td>\n",
       "      <td>-0.017011</td>\n",
       "      <td>-0.009670</td>\n",
       "      <td>-0.008368</td>\n",
       "      <td>0.011591</td>\n",
       "      <td>-0.033832</td>\n",
       "      <td>-0.009109</td>\n",
       "      <td>-0.038109</td>\n",
       "      <td>0.016002</td>\n",
       "    </tr>\n",
       "  </tbody>\n",
       "</table>\n",
       "<p>3000 rows × 13 columns</p>\n",
       "</div>"
      ],
      "text/plain": [
       "            x1        x2        x3    noise1    noise2    noise3    noise4  \\\n",
       "0     0.050952 -0.495919 -0.394015  0.003268  0.012137  0.042711  0.015946   \n",
       "1     0.397304 -3.421277 -2.626668  0.010552 -0.031792 -0.005549  0.024889   \n",
       "2    -1.741875 -0.449798 -3.933547  0.009694 -0.016230  0.020789 -0.029677   \n",
       "3    -1.054188 -2.926740 -5.035117 -0.007424 -0.023782 -0.017329 -0.005848   \n",
       "4    -0.494679  1.410679  0.421322  0.008276  0.001692 -0.009837  0.004536   \n",
       "...        ...       ...       ...       ...       ...       ...       ...   \n",
       "2995  0.286966  0.894269  1.468201 -0.020276 -0.016796 -0.000539  0.005699   \n",
       "2996  0.580927  0.559708  1.721561  0.008686 -0.003003 -0.031433 -0.000624   \n",
       "2997 -0.068770 -4.169455 -4.306994  0.034579 -0.007913  0.031498  0.018390   \n",
       "2998  0.163586 -2.037988 -1.710816 -0.006504  0.008919 -0.014474  0.022823   \n",
       "2999  0.702440 -1.479588 -0.074708 -0.011035 -0.001119 -0.017011 -0.009670   \n",
       "\n",
       "        noise5    noise6    noise7    noise8    noise9   noise10  \n",
       "0     0.012253 -0.000374  0.001712 -0.014732 -0.007206 -0.021446  \n",
       "1     0.022918  0.012311  0.014014 -0.005003  0.010906 -0.009512  \n",
       "2    -0.015939  0.014588 -0.028885  0.007077  0.010783 -0.026327  \n",
       "3     0.014804  0.006550 -0.002450 -0.016918 -0.002513 -0.001043  \n",
       "4    -0.035035 -0.024687  0.003455 -0.005071 -0.026977 -0.002844  \n",
       "...        ...       ...       ...       ...       ...       ...  \n",
       "2995 -0.030391 -0.019631  0.007496  0.013288  0.017239  0.004366  \n",
       "2996 -0.006238  0.006143 -0.027823 -0.005379 -0.000972 -0.015521  \n",
       "2997 -0.009259  0.016227  0.021041  0.008630  0.013091  0.000936  \n",
       "2998 -0.020645  0.001046 -0.004875  0.035243  0.003710  0.018563  \n",
       "2999 -0.008368  0.011591 -0.033832 -0.009109 -0.038109  0.016002  \n",
       "\n",
       "[3000 rows x 13 columns]"
      ]
     },
     "execution_count": 127,
     "metadata": {},
     "output_type": "execute_result"
    }
   ],
   "source": [
    "# Setting up the dataset\n",
    "\n",
    "dataset = dataset.T\n",
    "dataset['noise1'] = norm.rvs(0, 0.02, N)\n",
    "dataset['noise2'] = norm.rvs(0, 0.02, N)\n",
    "dataset['noise3'] = norm.rvs(0, 0.02, N)\n",
    "dataset['noise4'] = norm.rvs(0, 0.02, N)\n",
    "dataset['noise5'] = norm.rvs(0, 0.02, N)\n",
    "dataset['noise6'] = norm.rvs(0, 0.02, N)\n",
    "dataset['noise7'] = norm.rvs(0, 0.02, N)\n",
    "dataset['noise8'] = norm.rvs(0, 0.02, N)\n",
    "dataset['noise9'] = norm.rvs(0, 0.02, N)\n",
    "dataset['noise10'] = norm.rvs(0, 0.02, N)\n",
    "\n",
    "dataset"
   ]
  },
  {
   "cell_type": "code",
   "execution_count": 137,
   "metadata": {},
   "outputs": [
    {
     "name": "stdout",
     "output_type": "stream",
     "text": [
      "eigenvectors [[-1.19719568e-01 -5.64801005e-01  8.16496581e-01 -1.50240865e-04\n",
      "  -3.61180824e-04 -7.12812246e-05  1.13895939e-06  3.05118776e-04\n",
      "  -1.84913209e-04  5.87141248e-05 -1.27666001e-04  2.63188909e-04\n",
      "   9.27702809e-05]\n",
      " [-5.72017974e-01  7.11426866e-01  4.08248290e-01  1.99434016e-04\n",
      "   4.27848661e-04  1.33718821e-04 -7.49692870e-06 -3.78900732e-04\n",
      "   2.77526257e-04 -5.19851650e-05  1.95353126e-04 -2.59211789e-04\n",
      "  -1.28290243e-04]\n",
      " [-8.11457109e-01 -4.18175145e-01 -4.08248290e-01 -1.01047714e-04\n",
      "  -2.94512987e-04 -8.84362849e-06 -5.21900991e-06  2.31336820e-04\n",
      "  -9.23001615e-05  6.54430847e-05 -5.99788764e-05  2.67166029e-04\n",
      "   5.72503187e-05]\n",
      " [-2.14810139e-05 -4.60536940e-04  4.50080851e-16  2.06301417e-01\n",
      "   1.00173272e-01 -2.81201727e-01 -1.54220060e-01 -2.68084758e-01\n",
      "  -2.19080488e-01 -2.09067389e-01  4.62808808e-01 -1.55853679e-01\n",
      "  -6.65198735e-01]\n",
      " [ 6.08731632e-05 -7.07306167e-04 -5.22088035e-15  2.35825685e-01\n",
      "   1.69695778e-01  3.36397795e-01  3.94208319e-01 -3.60665421e-01\n",
      "   6.95728562e-01 -1.19830926e-02  1.39656718e-01 -1.57197643e-02\n",
      "  -1.14074221e-01]\n",
      " [-2.44034959e-05  2.46314275e-05 -1.94249167e-16  1.90034767e-01\n",
      "   2.64998425e-02 -6.52085106e-01 -7.31480333e-02 -2.01769630e-01\n",
      "   2.79816063e-01  1.56132404e-01 -5.79246912e-01  1.77524086e-01\n",
      "  -1.48969116e-01]\n",
      " [-7.13383757e-06 -8.67712159e-05 -6.42633836e-16 -2.68125811e-02\n",
      "  -3.19534411e-01 -2.78364204e-01 -2.37632121e-01 -4.82343639e-01\n",
      "   1.33165733e-01 -2.70251855e-01  3.11689898e-01 -5.86900241e-02\n",
      "   5.82411803e-01]\n",
      " [-1.28193776e-04 -4.17205801e-04 -3.51192936e-15 -1.03469816e-01\n",
      "   3.23420595e-01 -3.15355936e-02  3.32209186e-01 -2.73944152e-01\n",
      "  -2.81922908e-01 -2.80140543e-01 -3.67226298e-01 -6.22391147e-01\n",
      "   1.34554621e-01]\n",
      " [ 1.22113060e-05  3.91072437e-04  2.91882422e-15 -3.88613792e-01\n",
      "  -3.50349158e-01 -2.26990995e-01  6.83727720e-01 -1.90438078e-01\n",
      "  -1.98627083e-01  2.17965481e-01  1.50932754e-01  2.22024338e-01\n",
      "  -1.09189263e-01]\n",
      " [ 2.89229728e-05  2.43894569e-04  8.88398997e-17 -1.25893753e-01\n",
      "  -3.74164444e-01  3.69763102e-01 -1.12576175e-01 -2.43035311e-01\n",
      "  -7.57432589e-02 -5.49534747e-01 -3.94531507e-01  3.09214392e-01\n",
      "  -2.76935430e-01]\n",
      " [ 1.18358317e-05 -2.29354502e-04  1.73579884e-15 -5.06959696e-01\n",
      "   6.67828020e-01 -5.93516923e-03 -1.66260607e-01 -2.50812990e-01\n",
      "  -2.17215390e-02 -3.23204784e-02  8.11450729e-02  4.41820871e-01\n",
      "   5.57309081e-02]\n",
      " [-4.77372534e-06 -1.18391132e-04 -3.59040830e-16 -5.01774644e-01\n",
      "  -2.11238500e-01  1.59221754e-01 -3.65745900e-01 -2.25229214e-01\n",
      "   2.09116528e-01  4.46072017e-01 -7.80186824e-02 -4.32134986e-01\n",
      "  -2.41273977e-01]\n",
      " [ 1.73832324e-05 -1.19148533e-04 -1.28718973e-15  4.22648703e-01\n",
      "   2.00839178e-02  3.00715020e-01 -8.40459873e-02 -4.90582082e-01\n",
      "  -4.50625580e-01  4.80346603e-01 -8.75441248e-02  1.62103601e-01\n",
      "   1.22730771e-01]] and \n",
      " eigenvalues [2.83470237e+01 2.01423376e+00 1.07988956e-15 3.62927822e-04\n",
      " 3.69916252e-04 4.24569406e-04 4.28191296e-04 4.15588725e-04\n",
      " 3.83783964e-04 4.00072252e-04 3.96878437e-04 3.90213619e-04\n",
      " 3.90410571e-04]\n"
     ]
    }
   ],
   "source": [
    "# PCA 1 - linalg.eig\n",
    "\n",
    "covariance = np.cov(dataset.T.values)\n",
    "\n",
    "vals, vecs = la.eig(covariance)\n",
    "print(\"eigenvectors {} and \\n eigenvalues {}\".format(vecs, np.real_if_close(vals),))"
   ]
  },
  {
   "cell_type": "code",
   "execution_count": 134,
   "metadata": {},
   "outputs": [
    {
     "data": {
      "text/plain": [
       "(array([[-1.19719905e-01,  5.64800936e-01, -1.04019618e-06,\n",
       "          6.92403491e-05, -3.04603591e-04,  6.30242171e-05,\n",
       "         -1.28948121e-04, -8.68013741e-05, -2.61571399e-04,\n",
       "         -1.85394885e-04,  3.54774342e-04,  1.62008461e-04,\n",
       "          8.16496581e-01],\n",
       "        [-5.72017549e-01, -7.11427210e-01,  7.45664042e-06,\n",
       "         -1.31341841e-04,  3.78178811e-04, -5.83861072e-05,\n",
       "          1.97916187e-04,  1.19340961e-04,  2.56996705e-04,\n",
       "          2.78129382e-04, -4.20186132e-04, -2.13271085e-04,\n",
       "          4.08248290e-01],\n",
       "        [-8.11457359e-01,  4.18174662e-01,  5.37624805e-06,\n",
       "          7.13885747e-06, -2.31028371e-04,  6.76623269e-05,\n",
       "         -5.99800551e-05, -5.42617870e-05, -2.66146093e-04,\n",
       "         -9.26603885e-05,  2.89362552e-04,  1.10745838e-04,\n",
       "         -4.08248290e-01],\n",
       "        [-2.14981946e-05,  4.63753502e-04,  1.54088100e-01,\n",
       "          2.79940080e-01,  2.55146683e-01, -2.30721880e-01,\n",
       "          4.81999389e-01,  6.50151675e-01,  1.44883595e-01,\n",
       "         -2.17746095e-01, -1.18774756e-01, -2.05000259e-01,\n",
       "          3.31512641e-17],\n",
       "        [ 6.08757556e-05,  7.06732570e-04, -3.94019371e-01,\n",
       "         -3.34328535e-01,  3.61936275e-01, -1.72274207e-02,\n",
       "          1.43251575e-01,  1.07089383e-01,  1.38097388e-02,\n",
       "          6.96066224e-01, -1.64593291e-01, -2.40622137e-01,\n",
       "          2.73920231e-16],\n",
       "        [-2.43928529e-05, -2.66536829e-05,  7.20106491e-02,\n",
       "          6.54603488e-01,  1.99368632e-01,  1.63629694e-01,\n",
       "         -5.67794654e-01,  1.72440864e-01, -1.79760463e-01,\n",
       "          2.79712636e-01, -1.40563277e-02, -1.92117219e-01,\n",
       "          6.83042687e-16],\n",
       "        [-7.12725076e-06,  8.55080570e-05,  2.36856873e-01,\n",
       "          2.82602227e-01,  4.80415544e-01, -2.72853151e-01,\n",
       "          2.93536330e-01, -5.79734709e-01,  6.81942565e-02,\n",
       "          1.31896568e-01,  3.36687278e-01,  3.35479383e-02,\n",
       "          3.46985151e-16],\n",
       "        [-1.28171791e-04,  4.12975428e-04, -3.32724605e-01,\n",
       "          3.51558186e-02,  2.78359895e-01, -2.69724508e-01,\n",
       "         -3.78815677e-01, -1.23163575e-01,  6.24500356e-01,\n",
       "         -2.81873034e-01, -3.18234187e-01,  9.17932103e-02,\n",
       "          2.14578994e-17],\n",
       "        [ 1.22048179e-05, -3.89793532e-04, -6.84023474e-01,\n",
       "          2.26376358e-01,  1.84889698e-01,  2.09580143e-01,\n",
       "          1.64026489e-01,  1.15585068e-01, -2.23700695e-01,\n",
       "         -1.98819580e-01,  3.36630347e-01,  3.99501727e-01,\n",
       "         -3.35924234e-16],\n",
       "        [ 2.89048963e-05, -2.40427476e-04,  1.13158225e-01,\n",
       "         -3.69853963e-01,  2.39942424e-01, -5.48565275e-01,\n",
       "         -3.92151175e-01,  2.88817733e-01, -3.13571270e-01,\n",
       "         -7.57462416e-02,  3.62459304e-01,  1.38807665e-01,\n",
       "          2.47540501e-16],\n",
       "        [ 1.18691220e-05,  2.22994432e-04,  1.65691055e-01,\n",
       "          1.07978509e-02,  2.57461757e-01, -2.87525259e-02,\n",
       "          7.08940932e-02, -8.76667486e-02, -4.41029473e-01,\n",
       "         -2.09806691e-02, -6.79857866e-01,  4.85233174e-01,\n",
       "         -1.17343098e-16],\n",
       "        [-4.77659585e-06,  1.18923830e-04,  3.65822883e-01,\n",
       "         -1.57274682e-01,  2.26207077e-01,  4.41995211e-01,\n",
       "         -5.78371719e-02,  2.62142101e-01,  4.28237675e-01,\n",
       "          2.09249276e-01,  1.92498726e-01,  5.08543730e-01,\n",
       "          4.61907930e-17],\n",
       "        [ 1.73923937e-05,  1.17391872e-04,  8.39071751e-02,\n",
       "         -2.95570896e-01,  4.96646827e-01,  4.81104581e-01,\n",
       "         -7.77271437e-02, -1.07970632e-01, -1.59966902e-01,\n",
       "         -4.51107407e-01,  3.61988605e-03, -4.25062532e-01,\n",
       "         -2.78695789e-16]]),\n",
       " array([2.83470249e+01, 2.01444640e+00, 4.28191986e-04, 4.24603009e-04,\n",
       "        4.15741820e-04, 4.00118579e-04, 3.96975516e-04, 3.90873528e-04,\n",
       "        3.90213693e-04, 3.83784238e-04, 3.70812525e-04, 3.62987181e-04,\n",
       "        1.48832821e-31]))"
      ]
     },
     "execution_count": 134,
     "metadata": {},
     "output_type": "execute_result"
    }
   ],
   "source": [
    "# PCA 2 - linalg.SVD\n",
    "\n",
    "U, spectrum, Vt = la.svd(dataset.T.values)\n",
    "U, spectrum**2/(N-1)"
   ]
  },
  {
   "cell_type": "markdown",
   "metadata": {},
   "source": [
    "3 \\. **Looking at an oscillating spring** (optional)\n",
    "\n",
    "Imagine you have $n$ cameras looking at a spring oscillating along the $x$ axis. Each  camera record the motion of the spring looking at it along a given direction defined by the pair $(\\theta_i, \\phi_i)$, the angles in spherical coordinates. \n",
    "\n",
    "Start from the simulation of the records (say ${\\cal O}(1000)$) of the spring's motion along the x axis, assuming a little random noise affects the measurements along the $y$. Rotate such dataset to emulate the records of each camera.\n",
    "\n",
    "Perform a Principal Component Analysis on the thus obtained dataset, aiming at finding the only one coordinate that really matters.\n"
   ]
  },
  {
   "cell_type": "markdown",
   "metadata": {},
   "source": [
    "4\\. **PCA on the MAGIC dataset** (optional)\n",
    "\n",
    "Perform a PCA on the magic04.data dataset"
   ]
  },
  {
   "cell_type": "code",
   "execution_count": null,
   "metadata": {},
   "outputs": [],
   "source": [
    "# get the dataset and its description on the proper data directory\n",
    "!wget https://archive.ics.uci.edu/ml/machine-learning-databases/magic/magic04.data -P ~/data/\n",
    "!wget https://archive.ics.uci.edu/ml/machine-learning-databases/magic/magic04.names -P ~/data/ "
   ]
  }
 ],
 "metadata": {
  "kernelspec": {
   "display_name": "Python 3",
   "language": "python",
   "name": "python3"
  },
  "language_info": {
   "codemirror_mode": {
    "name": "ipython",
    "version": 3
   },
   "file_extension": ".py",
   "mimetype": "text/x-python",
   "name": "python",
   "nbconvert_exporter": "python",
   "pygments_lexer": "ipython3",
   "version": "3.8.5"
  }
 },
 "nbformat": 4,
 "nbformat_minor": 4
}
